0 0
1 0
2 0
3 0
4 0
5 0
6 0
7 0
8 0
9 0
10 0
11 0
12 0
13 0
14 0
15 0
16 0
17 0
18 0
19 0
20 0
21 0
22 0
23 0
24 0
25 0
26 0
27 0
28 0
29 0
30 0
31 0
32 0
33 0
34 0
35 0
36 0
37 0
38 0
39 0
40 0
41 0
42 0
43 0
44 0
45 0
46 0
47 0
48 0
49 0
50 0
51 0
52 0
53 0
54 0
55 0
56 0
57 0
58 0
59 0
60 0
61 0
62 0
63 0
64 0
65 0
66 0
67 0
68 0
69 0
70 0
71 0
72 0
73 0
74 0
75 0
76 0
77 0
78 0
79 0
80 0
81 0
82 0
83 0
84 0
85 0
86 0
87 0
88 0
89 0
90 0
91 0
92 0
93 0
94 0
95 0
96 0
97 0
98 0
99 0
100 0
101 0
102 0
103 0
104 0
105 0
106 0
107 0
108 0
109 0
110 0
111 0
112 0
113 0
114 0
115 0
116 0
117 0
118 0
119 0
120 0
121 0
122 0
123 0
124 0
125 0
126 0
127 0
128 2.94
129 2.76115
130 3.20797
131 2.71736
132 3.0056
133 3.06435
134 2.68809
135 3.19308
136 2.81272
137 2.87761
138 3.16075
139 2.67165
140 3.12132
141 2.93669
142 2.76364
143 3.20754
144 2.7155
145 3.00881
146 3.0614
147 2.6893
148 3.19422
149 2.80981
150 2.88084
151 3.15882
152 2.6713
153 3.12376
154 2.93337
155 2.76617
156 3.20708
157 2.71368
158 3.01201
159 3.05843
160 2.69055
161 3.19531
162 2.80692
163 2.88408
164 3.15687
165 2.671
166 3.12618
167 2.93006
168 2.76871
169 3.20657
170 2.71189
171 3.0152
172 3.05544
173 2.69184
174 3.19637
175 2.80404
176 2.88733
177 3.15488
178 2.67073
179 3.12856
180 2.92675
181 2.77129
182 3.20602
183 2.71013
184 3.01838
185 3.05244
186 2.69316
187 3.19739
188 2.80119
189 2.89058
190 3.15285
191 2.67051
192 3.13092
193 2.92344
194 2.77389
195 3.20544
196 2.70841
197 3.02154
198 3.04942
199 2.69452
200 3.19837
201 2.79836
202 2.89384
203 3.1508
204 2.67033
205 3.13325
206 2.92014
207 2.77651
208 3.20481
209 2.70673
210 3.02469
211 3.04638
212 2.69592
213 3.19932
214 2.79555
215 2.89711
216 3.14871
217 2.67018
218 3.13555
219 2.91683
220 2.77916
221 3.20415
222 2.70508
223 3.02783
224 3.04332
225 2.69736
226 3.20022
227 2.79276
228 2.90038
229 3.1466
230 2.67008
231 3.13782
232 2.91354
233 2.78183
234 3.20344
235 2.70346
236 3.03096
237 3.04026
238 2.69883
239 3.20108
240 2.79
241 2.90366
242 3.14445
243 2.67002
244 3.14006
245 2.91024
246 2.78453
247 3.20269
248 2.70188
249 3.03407
250 3.03717
251 2.70034
252 3.20191
253 2.78725
254 2.90695
255 3.14227
256 2.67
257 0
258 0
259 0
260 0
261 0
262 0
263 0
264 0
265 0
266 0
267 0
268 0
269 0
270 0
271 0
272 0
273 0
274 0
275 0
276 0
277 0
278 0
279 0
280 0
281 0
282 0
283 0
284 0
285 0
286 0
287 0
288 0
289 0
290 0
291 0
292 0
293 0
294 0
295 0
296 0
297 0
298 0
299 0
300 0
301 0
302 0
303 0
304 0
305 0
306 0
307 0
308 0
309 0
310 0
311 0
312 0
313 0
314 0
315 0
316 0
317 0
318 0
319 0
320 0
321 0
322 0
323 0
324 0
325 0
326 0
327 0
328 0
329 0
330 0
331 0
332 0
333 0
334 0
335 0
336 0
337 0
338 0
339 0
340 0
341 0
342 0
343 0
344 0
345 0
346 0
347 0
348 0
349 0
350 0
351 0
352 0
353 0
354 0
355 0
356 0
357 0
358 0
359 0
360 0
361 0
362 0
363 0
364 0
365 0
366 0
367 0
368 0
369 0
370 0
371 0
372 0
373 0
374 0
375 0
376 0
377 0
378 0
379 0
380 0
381 0
382 0
383 0
384 0
385 3.11885
386 2.67203
387 3.16264
388 2.8744
389 2.81565
390 3.19191
391 2.68692
392 3.06728
393 3.00239
394 2.71925
395 3.20835
396 2.75868
397 2.94331
398 3.11636
399 2.67246
400 3.1645
401 2.87119
402 2.8186
403 3.1907
404 2.68578
405 3.07019
406 2.99916
407 2.72118
408 3.2087
409 2.75624
410 2.94663
411 3.11383
412 2.67292
413 3.16632
414 2.86799
415 2.82157
416 3.18945
417 2.68469
418 3.07308
419 2.99592
420 2.72313
421 3.209
422 2.75382
423 2.94994
424 3.11129
425 2.67343
426 3.16811
427 2.8648
428 2.82456
429 3.18816
430 2.68363
431 3.07596
432 2.99267
433 2.72512
434 3.20927
435 2.75144
436 2.95325
437 3.10871
438 2.67398
439 3.16987
440 2.86162
441 2.82756
442 3.18684
443 2.68261
444 3.07881
445 2.98942
446 2.72715
447 3.20949
448 2.74908
449 2.95656
450 3.10611
451 2.67456
452 3.17159
453 2.85846
454 2.83058
455 3.18548
456 2.68163
457 3.08164
458 2.98616
459 2.7292
460 3.20967
461 2.74675
462 2.95986
463 3.10349
464 2.67519
465 3.17327
466 2.85531
467 2.83362
468 3.18408
469 2.68068
470 3.08445
471 2.98289
472 2.73129
473 3.20982
474 2.74445
475 2.96317
476 3.10084
477 2.67585
478 3.17492
479 2.85217
480 2.83668
481 3.18264
482 2.67978
483 3.08724
484 2.97962
485 2.7334
486 3.20992
487 2.74218
488 2.96646
489 3.09817
490 2.67656
491 3.17654
492 2.84904
493 2.83974
494 3.18117
495 2.67892
496 3.09
497 2.97634
498 2.73555
499 3.20998
500 2.73994
501 2.96976
502 3.09547
503 2.67731
504 3.17812
505 2.84593
506 2.84283
507 3.17966
508 2.67809
509 3.09275
510 2.97305
511 2.73773
