0 0.27 3.23899e-16
1 -0.274418 -0.0721512
2 -0.111208 -0.144259
3 -0.0635322 -0.21628
4 -0.550079 -0.28817
5 -0.120225 -0.359887
6 -0.528559 -0.431388
7 -0.596701 -0.502628
8 -0.335447 -0.573566
9 -0.906851 -0.644158
10 -0.558894 -0.714362
11 -0.754376 -0.784136
12 -1.05349 -0.853437
13 -0.652245 -0.922224
14 -1.1949 -0.990456
15 -1.02175 -1.05809
16 -0.975085 -1.12509
17 -1.45249 -1.19141
18 -1.01584 -1.25701
19 -1.42211 -1.32186
20 -1.47687 -1.38591
21 -1.21258 -1.44912
22 -1.7749 -1.51146
23 -1.41473 -1.57289
24 -1.60691 -1.63338
25 -1.89069 -1.69288
26 -1.48144 -1.75136
27 -2.01538 -1.80878
28 -1.8255 -1.86512
29 -1.77309 -1.92033
30 -2.2346 -1.97438
31 -1.78461 -2.02725
32 -2.18222 -2.07889
33 -2.21712 -2.12929
34 -1.94347 -2.1784
35 -2.49034 -2.22619
36 -2.11181 -2.27265
37 -2.29457 -2.31774
38 -2.55698 -2.36143
39 -2.13388 -2.4037
40 -2.65323 -2.44452
41 -2.44098 -2.48387
42 -2.37727 -2.52172
43 -2.81737 -2.55806
44 -2.34877 -2.59285
45 -2.73246 -2.62608
46 -2.74242 -2.65773
47 -2.4545 -2.68778
48 -2.98102 -2.71621
49 -2.57951 -2.743
50 -2.74828 -2.76814
51 -2.98486 -2.79161
52 -2.54373 -2.8134
53 -3.0443 -2.8335
54 -2.80573 -2.85189
55 -2.72693 -2.86856
56 -3.14188 -2.88351
57 -2.65124 -2.89672
58 -3.01759 -2.90818
59 -2.99943 -2.91789
60 -2.69426 -2.92584
61 -3.19747 -2.93203
62 -2.77035 -2.93646
63 -2.92256 -2.93911
64 -3.13092 -2.94
65 -2.66962 -2.93911
66 -3.14931 -2.93646
67 -2.88261 -2.93203
68 -2.78704 -2.92584
69 -3.17528 -2.91789
70 -2.66134 -2.90818
71 -3.00915 -2.89672
72 -2.96189 -2.88351
73 -2.6387 -2.86856
74 -3.11792 -2.85189
75 -2.66479 -2.8335
76 -2.80016 -2.8134
77 -2.98017 -2.79161
78 -2.49887 -2.76814
79 -2.95787 -2.743
80 -2.66353 -2.71621
81 -2.55182 -2.68778
82 -2.9141 -2.65773
83 -2.37792 -2.62608
84 -2.70829 -2.59285
85 -2.63326 -2.55806
86 -2.29361 -2.52172
87 -2.75044 -2.48387
88 -2.27323 -2.44452
89 -2.39376 -2.4037
90 -2.54761 -2.36143
91 -2.04873 -2.31774
92 -2.48952 -2.27265
93 -2.17027 -2.22619
94 -2.04531 -2.1784
95 -2.3846 -2.12929
96 -1.82945 -2.07889
97 -2.14568 -2.02725
98 -2.0464 -1.97438
99 -1.69401 -1.92033
100 -2.13219 -1.86512
101 -1.63495 -1.80878
102 -1.74473 -1.75136
103 -1.87664 -1.69288
104 -1.36468 -1.63338
105 -1.79172 -1.57289
106 -1.4523 -1.51146
107 -1.31893 -1.44912
108 -1.64012 -1.38591
109 -1.07116 -1.32186
110 -1.37841 -1.25701
111 -1.26022 -1.19141
112 -0.900592 -1.12509
113 -1.32564 -1.05809
114 -0.8141 -0.990456
115 -0.918911 -0.922224
116 -1.03476 -0.853437
117 -0.515781 -0.784136
118 -0.93511 -0.714362
119 -0.581772 -0.644158
120 -0.446288 -0.573566
121 -0.755709 -0.502628
122 -0.17948 -0.431388
123 -0.484233 -0.359887
124 -0.353775 -0.28817
125 0.00635929 -0.21628
126 -0.412228 -0.144259
127 0.106701 -0.0721512
128 9.91112e-15 2.17354e-15
129 -0.106701 0.0721512
130 0.412228 0.144259
131 -0.00635929 0.21628
132 0.353775 0.28817
133 0.484233 0.359887
134 0.17948 0.431388
135 0.755709 0.502628
136 0.446288 0.573566
137 0.581772 0.644158
138 0.93511 0.714362
139 0.515781 0.784136
140 1.03476 0.853437
141 0.918911 0.922224
142 0.8141 0.990456
143 1.32564 1.05809
144 0.900592 1.12509
145 1.26022 1.19141
146 1.37841 1.25701
147 1.07116 1.32186
148 1.64012 1.38591
149 1.31893 1.44912
150 1.4523 1.51146
151 1.79172 1.57289
152 1.36468 1.63338
153 1.87664 1.69288
154 1.74473 1.75136
155 1.63495 1.80878
156 2.13219 1.86512
157 1.69401 1.92033
158 2.0464 1.97438
159 2.14568 2.02725
160 1.82945 2.07889
161 2.3846 2.12929
162 2.04531 2.1784
163 2.17027 2.22619
164 2.48952 2.27265
165 2.04873 2.31774
166 2.54761 2.36143
167 2.39376 2.4037
168 2.27323 2.44452
169 2.75044 2.48387
170 2.29361 2.52172
171 2.63326 2.55806
172 2.70829 2.59285
173 2.37792 2.62608
174 2.9141 2.65773
175 2.55182 2.68778
176 2.66353 2.71621
177 2.95787 2.743
178 2.49887 2.76814
179 2.98017 2.79161
180 2.80016 2.8134
181 2.66479 2.8335
182 3.11792 2.85189
183 2.6387 2.86856
184 2.96189 2.88351
185 3.00915 2.89672
186 2.66134 2.90818
187 3.17528 2.91789
188 2.78704 2.92584
189 2.88261 2.93203
190 3.14931 2.93646
191 2.66962 2.93911
192 3.13092 2.94
193 2.92256 2.93911
194 2.77035 2.93646
195 3.19747 2.93203
196 2.69426 2.92584
197 2.99943 2.91789
198 3.01759 2.90818
199 2.65124 2.89672
200 3.14188 2.88351
201 2.72693 2.86856
202 2.80573 2.85189
203 3.0443 2.8335
204 2.54373 2.8134
205 2.98486 2.79161
206 2.74828 2.76814
207 2.57951 2.743
208 2.98102 2.71621
209 2.4545 2.68778
210 2.74242 2.65773
211 2.73246 2.62608
212 2.34877 2.59285
213 2.81737 2.55806
214 2.37727 2.52172
215 2.44098 2.48387
216 2.65323 2.44452
217 2.13388 2.4037
218 2.55698 2.36143
219 2.29457 2.31774
220 2.11181 2.27265
221 2.49034 2.22619
222 1.94347 2.1784
223 2.21712 2.12929
224 2.18222 2.07889
225 1.78461 2.02725
226 2.2346 1.97438
227 1.77309 1.92033
228 1.8255 1.86512
229 2.01538 1.80878
230 1.48144 1.75136
231 1.89069 1.69288
232 1.60691 1.63338
233 1.41473 1.57289
234 1.7749 1.51146
235 1.21258 1.44912
236 1.47687 1.38591
237 1.42211 1.32186
238 1.01584 1.25701
239 1.45249 1.19141
240 0.975085 1.12509
241 1.02175 1.05809
242 1.1949 0.990456
243 0.652245 0.922224
244 1.05349 0.853437
245 0.754376 0.784136
246 0.558894 0.714362
247 0.906851 0.644158
248 0.335447 0.573566
249 0.596701 0.502628
250 0.528559 0.431388
251 0.120225 0.359887
252 0.550079 0.28817
253 0.0635322 0.21628
254 0.111208 0.144259
255 0.274418 0.0721512
256 -0.27 9.79707e-16
257 0.130116 -0.0721512
258 -0.17731 -0.144259
259 -0.369027 -0.21628
260 -0.026262 -0.28817
261 -0.59955 -0.359887
262 -0.334216 -0.431388
263 -0.408555 -0.502628
264 -0.811684 -0.573566
265 -0.381464 -0.644158
266 -0.86983 -0.714362
267 -0.813896 -0.784136
268 -0.65338 -0.853437
269 -1.1922 -0.922224
270 -0.78601 -0.990456
271 -1.09443 -1.05809
272 -1.27509 -1.12509
273 -0.930326 -1.19141
274 -1.49818 -1.25701
275 -1.2216 -1.32186
276 -1.29495 -1.38591
277 -1.68566 -1.44912
278 -1.24802 -1.51146
279 -1.73106 -1.57289
280 -1.65984 -1.63338
281 -1.49506 -1.69288
282 -2.02127 -1.75136
283 -1.60219 -1.80878
284 -1.90473 -1.86512
285 -2.06757 -1.92033
286 -1.71416 -1.97438
287 -2.26989 -2.02725
288 -1.97557 -2.07889
289 -2.04145 -2.12929
290 -2.41332 -2.1784
291 -1.96205 -2.22619
292 -2.43349 -2.27265
293 -2.3409 -2.31774
294 -2.16588 -2.36143
295 -2.67352 -2.4037
296 -2.23581 -2.44452
297 -2.52676 -2.48387
298 -2.66617 -2.52172
299 -2.29874 -2.55806
300 -2.83693 -2.59285
301 -2.5197 -2.62608
302 -2.57303 -2.65773
303 -2.92105 -2.68778
304 -2.45139 -2.71621
305 -2.90649 -2.743
306 -2.788 -2.76814
307 -2.59837 -2.79161
308 -3.08308 -2.8134
309 -2.6227 -2.8335
310 -2.89805 -2.85189
311 -3.0102 -2.86856
312 -2.62513 -2.88351
313 -3.14219 -2.89672
314 -2.79876 -2.90818
315 -2.83635 -2.91789
316 -3.15743 -2.92584
317 -2.6666 -2.93203
318 -3.10257 -2.93646
319 -2.95567 -2.93911
320 -2.74908 -2.94
321 -3.20861 -2.93911
322 -2.72361 -2.93646
323 -2.98145 -2.93203
324 -3.06465 -2.92584
325 -2.6605 -2.91789
326 -3.15502 -2.90818
327 -2.78428 -2.89672
328 -2.80513 -2.88351
329 -3.09843 -2.86856
330 -2.58587 -2.85189
331 -3.00221 -2.8335
332 -2.82665 -2.8134
333 -2.60305 -2.79161
334 -3.03741 -2.76814
335 -2.52812 -2.743
336 -2.76888 -2.71621
337 -2.82373 -2.68778
338 -2.40136 -2.65773
339 -2.87424 -2.62608
340 -2.47741 -2.59285
341 -2.48286 -2.55806
342 -2.74983 -2.52172
343 -2.2173 -2.48387
344 -2.61581 -2.44452
345 -2.41364 -2.4037
346 -2.17525 -2.36143
347 -2.58674 -2.31774
348 -2.05578 -2.27265
349 -2.28211 -2.22619
350 -2.31148 -2.1784
351 -1.87397 -2.12929
352 -2.32834 -2.07889
353 -1.90882 -2.02725
354 -1.90237 -1.97438
355 -2.14665 -1.92033
356 -1.59804 -1.86512
357 -1.98262 -1.80878
358 -1.75798 -1.75136
359 -1.50911 -1.69288
360 -1.90208 -1.63338
361 -1.35407 -1.57289
362 -1.57062 -1.51146
363 -1.57931 -1.44912
364 -1.13169 -1.38591
365 -1.57255 -1.32186
366 -1.13562 -1.25701
367 -1.1226 -1.19141
368 -1.34959 -1.12509
369 -0.790548 -1.05809
370 -1.16681 -0.990456
371 -0.925538 -0.922224
372 -0.672116 -0.853437
373 -1.05249 -0.784136
374 -0.493614 -0.714362
375 -0.706543 -0.644158
376 -0.700843 -0.573566
377 -0.249546 -0.502628
378 -0.683296 -0.431388
379 -0.235542 -0.359887
380 -0.222566 -0.28817
381 -0.438919 -0.21628
382 0.123711 -0.144259
383 -0.251003 -0.0721512
384 -4.79615e-14 -1.32855e-14
385 0.251003 0.0721512
386 -0.123711 0.144259
387 0.438919 0.21628
388 0.222566 0.28817
389 0.235542 0.359887
390 0.683296 0.431388
391 0.249546 0.502628
392 0.700843 0.573566
393 0.706543 0.644158
394 0.493614 0.714362
395 1.05249 0.784136
396 0.672116 0.853437
397 0.925538 0.922224
398 1.16681 0.990456
399 0.790548 1.05809
400 1.34959 1.12509
401 1.1226 1.19141
402 1.13562 1.25701
403 1.57255 1.32186
404 1.13169 1.38591
405 1.57931 1.44912
406 1.57062 1.51146
407 1.35407 1.57289
408 1.90208 1.63338
409 1.50911 1.69288
410 1.75798 1.75136
411 1.98262 1.80878
412 1.59804 1.86512
413 2.14665 1.92033
414 1.90237 1.97438
415 1.90882 2.02725
416 2.32834 2.07889
417 1.87397 2.12929
418 2.31148 2.1784
419 2.28211 2.22619
420 2.05578 2.27265
421 2.58674 2.31774
422 2.17525 2.36143
423 2.41364 2.4037
424 2.61581 2.44452
425 2.2173 2.48387
426 2.74983 2.52172
427 2.48286 2.55806
428 2.47741 2.59285
429 2.87424 2.62608
430 2.40136 2.65773
431 2.82373 2.68778
432 2.76888 2.71621
433 2.52812 2.743
434 3.03741 2.76814
435 2.60305 2.79161
436 2.82665 2.8134
437 3.00221 2.8335
438 2.58587 2.85189
439 3.09843 2.86856
440 2.80513 2.88351
441 2.78428 2.89672
442 3.15502 2.90818
443 2.6605 2.91789
444 3.06465 2.92584
445 2.98145 2.93203
446 2.72361 2.93646
447 3.20861 2.93911
448 2.74908 2.94
449 2.95567 2.93911
450 3.10257 2.93646
451 2.6666 2.93203
452 3.15743 2.92584
453 2.83635 2.91789
454 2.79876 2.90818
455 3.14219 2.89672
456 2.62513 2.88351
457 3.0102 2.86856
458 2.89805 2.85189
459 2.6227 2.8335
460 3.08308 2.8134
461 2.59837 2.79161
462 2.788 2.76814
463 2.90649 2.743
464 2.45139 2.71621
465 2.92105 2.68778
466 2.57303 2.65773
467 2.5197 2.62608
468 2.83693 2.59285
469 2.29874 2.55806
470 2.66617 2.52172
471 2.52676 2.48387
472 2.23581 2.44452
473 2.67352 2.4037
474 2.16588 2.36143
475 2.3409 2.31774
476 2.43349 2.27265
477 1.96205 2.22619
478 2.41332 2.1784
479 2.04145 2.12929
480 1.97557 2.07889
481 2.26989 2.02725
482 1.71416 1.97438
483 2.06757 1.92033
484 1.90473 1.86512
485 1.60219 1.80878
486 2.02127 1.75136
487 1.49506 1.69288
488 1.65984 1.63338
489 1.73106 1.57289
490 1.24802 1.51146
491 1.68566 1.44912
492 1.29495 1.38591
493 1.2216 1.32186
494 1.49818 1.25701
495 0.930326 1.19141
496 1.27509 1.12509
497 1.09443 1.05809
498 0.78601 0.990456
499 1.1922 0.922224
500 0.65338 0.853437
501 0.813896 0.784136
502 0.86983 0.714362
503 0.381464 0.644158
504 0.811684 0.573566
505 0.408555 0.502628
506 0.334216 0.431388
507 0.59955 0.359887
508 0.026262 0.28817
509 0.369027 0.21628
510 0.17731 0.144259
511 -0.130116 0.0721512
